751020694002000	9	3596421
751020694002000	11	2801637
031133861615000	7	17308
751020694002000	9	3596421
030006449506000	8	12532
751020694002000	11	2801637
031133861615000	8	8748
031133861615000	7	17308
857202451063000	7	6426
030006449506000	8	12532
031133861615000	8	8748
857202451063000	7	6426
025614587009000	11	5581
025614587009000	8	2815
025614587009000	10	2662
013334445721000	8	2655
847471364022000	10	2555
025614587009000	11	5581
029675493643000	8	1802
025614587009000	8	2815
857202451063000	11	1716
025614587009000	10	2662
013334445721000	7	1459
025614587009000	9	1429
029675493643000	9	1330
031171754015000	9	1199
025614587009000	7	1135
031171754015000	10	1128
847471364022000	9	988
029675493643000	7	986
753921550071000	7	903
031171754015000	8	836
030006449506000	11	670
847471364022000	8	512
947920187067000	10	459
847471364022000	7	457
030006449506000	9	339
013334445721000	8	2655
013334445721000	9	278
013334445721000	10	278
947920187067000	6	265
030006449506000	10	255
030006449506000	7	241
031171754015000	11	235
112223334123000	8	201
018228296631000	6	179
847471364022000	6	176
947920187067000	7	153
857202451063000	9	150
429292923011000	7	145
755647112086000	8	135
013040100073000	7	116
013334445721000	4	115
112223334123000	6	104
730354560022000	7	102
947920187067000	9	92
755647112086000	9	88
018228296631000	5	77
021896170037000	9	68
849117700509000	7	67
029675493643000	10	63
013040100073000	8	57
018228296631000	7	55
011401171525000	6	54
031133861615000	6	52
847471364022000	10	2555
029675493643000	8	1802
736258484451000	10	49
736258484451000	8	49
947920187067000	11	46
753921550071000	6	45
947982773903000	8	44
015156144526000	6	42
013334445721000	6	40
849117700509000	8	40
015156144526000	7	39
755647112086000	6	35
020059945071000	8	32
736258484451000	11	31
849117700509000	11	29
013334445721000	5	29
018228296631000	11	28
925649774542000	10	28
016089419027000	6	28
820685444015000	6	26
010000131093000	8	23
955052683805000	7	23
925649774542000	9	23
112223334123000	7	22
021896170037000	7	21
030006449506000	6	21
857202451063000	6	20
016089419027000	7	19
857202451063000	11	1716
010611739093000	8	19
020059945071000	9	18
013334445721000	7	1459
753921550071000	8	17
025614587009000	9	1429
010000248201001	7	17
029675493643000	9	1330
010000248201001	9	17
031171754015000	9	1199
013040100073000	9	16
025614587009000	7	1135
429292923011000	9	16
031171754015000	10	1128
947982773903000	9	15
847471364022000	9	988
01360213100300	7	15
031552680022000	5	15
031552680022000	9	15
011401171525000	7	14
010000248201001	10	14
849117700509000	10	14
031552680022000	6	13
849117700509000	9	12
010000131093000	11	12
015156144526000	9	12
013040100073000	11	12
029675493643000	7	986
753921550071000	7	903
031171754015000	8	836
030006449506000	11	670
847471364022000	8	512
947920187067000	10	459
847471364022000	7	457
030006449506000	9	339
013334445721000	9	278
013334445721000	10	278
947920187067000	6	265
031552680022000	8	11
736258484451000	7	10
031552680022000	7	10
013040100073000	10	9
210761680445000	8	9
429292923011000	11	8
955052683805000	6	8
018228296631000	8	7
01360213100300	8	7
951879998525000	10	7
029675493643000	11	7
011401171525000	8	6
210761680445000	7	6
736258484451000	9	6
032124984086000	5	6
829764943011000	6	6
730354560022000	8	5
018228296631000	4	5
429292923011000	8	5
031133861615000	11	5
021896170037000	8	5
664035698085000	8	5
015156144526000	10	4
018228296631000	10	4
730354560022000	6	4
925649774542000	11	3
751020694002000	5	3
751020694002000	6	3
011401171525000	5	3
751020694002000	8	3
829764943011000	5	3
664035698085000	11	3
031133861615000	10	3
013602131003000	8	2
857202451063000	8	2
015156144526000	8	2
013602131003000	11	2
032124984086000	11	2
031552680022000	11	2
031552680022000	4	2
024151425036000	6	2
947982773903000	7	2
010000131093000	9	2
947184776542000	6	2
032124984086000	8	2
031133861615000	9	2
024151425036000	5	1
010000131093000	10	1
804494508503000	10	1
031133861615000	5	1
664035698085000	9	1
316703578331000	11	1
966401929401000	11	1
806746939086000	6	1
764329371015000	11	1
429292923011000	6	1
806746939086000	7	1
955052683805000	8	1
013602131003000	9	1
804494508503000	11	1
806746939086000	8	1
753921550071000	9	1
210298428407000	11	1
013602131003000	10	1
955052683805000	9	1
030006449506000	10	255
030006449506000	7	241
031171754015000	11	235
112223334123000	8	201
018228296631000	6	179
847471364022000	6	176
947920187067000	7	153
857202451063000	9	150
429292923011000	7	145
755647112086000	8	135
013040100073000	7	116
013334445721000	4	115
112223334123000	6	104
730354560022000	7	102
947920187067000	9	92
755647112086000	9	88
018228296631000	5	77
021896170037000	9	68
849117700509000	7	67
029675493643000	10	63
013040100073000	8	57
018228296631000	7	55
011401171525000	6	54
031133861615000	6	52
736258484451000	10	49
736258484451000	8	49
947920187067000	11	46
753921550071000	6	45
947982773903000	8	44
015156144526000	6	42
013334445721000	6	40
849117700509000	8	40
015156144526000	7	39
755647112086000	6	35
020059945071000	8	32
736258484451000	11	31
849117700509000	11	29
013334445721000	5	29
018228296631000	11	28
925649774542000	10	28
016089419027000	6	28
820685444015000	6	26
010000131093000	8	23
955052683805000	7	23
925649774542000	9	23
112223334123000	7	22
021896170037000	7	21
030006449506000	6	21
857202451063000	6	20
016089419027000	7	19
010611739093000	8	19
020059945071000	9	18
753921550071000	8	17
010000248201001	7	17
010000248201001	9	17
013040100073000	9	16
429292923011000	9	16
947982773903000	9	15
01360213100300	7	15
031552680022000	5	15
031552680022000	9	15
011401171525000	7	14
010000248201001	10	14
849117700509000	10	14
031552680022000	6	13
849117700509000	9	12
010000131093000	11	12
015156144526000	9	12
013040100073000	11	12
031552680022000	8	11
736258484451000	7	10
031552680022000	7	10
013040100073000	10	9
210761680445000	8	9
429292923011000	11	8
955052683805000	6	8
018228296631000	8	7
01360213100300	8	7
951879998525000	10	7
029675493643000	11	7
011401171525000	8	6
210761680445000	7	6
736258484451000	9	6
032124984086000	5	6
829764943011000	6	6
730354560022000	8	5
018228296631000	4	5
429292923011000	8	5
031133861615000	11	5
021896170037000	8	5
664035698085000	8	5
015156144526000	10	4
018228296631000	10	4
730354560022000	6	4
925649774542000	11	3
751020694002000	5	3
751020694002000	6	3
011401171525000	5	3
751020694002000	8	3
829764943011000	5	3
664035698085000	11	3
031133861615000	10	3
013602131003000	8	2
857202451063000	8	2
015156144526000	8	2
013602131003000	11	2
032124984086000	11	2
031552680022000	11	2
031552680022000	4	2
024151425036000	6	2
947982773903000	7	2
010000131093000	9	2
947184776542000	6	2
032124984086000	8	2
031133861615000	9	2
024151425036000	5	1
010000131093000	10	1
804494508503000	10	1
031133861615000	5	1
664035698085000	9	1
316703578331000	11	1
966401929401000	11	1
806746939086000	6	1
764329371015000	11	1
429292923011000	6	1
806746939086000	7	1
955052683805000	8	1
013602131003000	9	1
804494508503000	11	1
806746939086000	8	1
753921550071000	9	1
210298428407000	11	1
013602131003000	10	1
955052683805000	9	1